6 5 60 20
Bus:2.33333:1.24722:1.22681:0.522038
Elephant:2:0.816497:0.278485:0.0446102
Emergency:0:0:0:0
Motorbike:10.6667:6.18241:9.40004:5.5624
Red car:16:0.816497:10.908:1.69061
Taxi:4.33333:2.35702:3.44316:1.81404
