6 5 60 20
Bus:6.33333:5.4365:230.003:194.304
Elephant:3:1.41421:27.1147:12.5995
Emergency:1.33333:1.24722:nan:69.676
Motorbike:18.6667:4.18994:881.944:201.733
Red car:25.3333:5.55778:1112.07:193.985
Taxi:5.33333:1.24722:208.724:32.2001
