6 5 60 20
Bus:6.33333:1.24722:34.9542:2.53223
Elephant:1.66667:1.24722:nan:nan
Emergency:1.33333:0.471405:51.7471:2.45265
Motorbike:20:3.55903:48.0779:1.96829
Red car:31.6667:6.94422:44.9909:1.9686
Taxi:6:1.41421:42.6011:7.95572
