6 5 60 20
Bus:1.33333:0:0.894116:0
Elephant:3:1:0.482087:10
Emergency:0.666667:0:0.615913:0
Motorbike:10:3:8.58822:5
Red car:14.3333:0:10.1425:0
Taxi:2.66667:2:2.11028:7
