ActivityEngine...
Day 1: 
Bus:1:0:0.850737:0
Elephant:2:1:0.34776:10
Emergency:1:0:0.907407:0
Motorbike:11:3:9.10381:5
Red car:16:0:10.8069:0
Taxi:3:2:2.65417:7

Day 2: 
Bus:2:0:1.27753:0
Elephant:5:1:0.787021:10
Emergency:1:0:0.940331:0
Motorbike:10:3:9.05394:5
Red car:10:0:6.1163:0
Taxi:4:2:2.8556:7

Day 3: 
Bus:1:0:0.554084:0
Elephant:2:1:0.31148:10
Emergency:0:0:0:0
Motorbike:9:3:7.6069:5
Red car:17:0:13.5044:0
Taxi:1:2:0.821071:7




